200
200
200
35
2
200
200
200
94
200
200
200
112
48
79
14
200
79
40
200
84
200
200
200
200
58
200
200
167
200
37
200
200
78
200
200
200
200
200
200
200
91
64
200
200
200
200
94
200
200
29
9
200
200
166
54
15
65
10
200
58
157
200
17
11
200
200
18
200
40
200
200
2
15
200
200
91
25
19
174
200
200
29
10
34
200
200
200
200
4
1
200
6
200
16
200
200
6
200
13
3
200
200
119
175
200
3
200
200
200
200
8
191
200
200
200
200
1
200
200
194
200
200
200
146
26
129
3
200
200
200
200
200
80
200
200
200
88
200
7
60
200
73
73
200
15
71
106
47
165
200
87
16
200
44
200
200
66
200
200
200
200
200
191
2
200
146
78
200
200
200
200
9
16
200
200
200
200
200
200
54
43
32
200
200
200
200
200
200
200
200
200
200
200
19
200
200
182
9
147
200
200
200
200
86
75
200
25
200
112
200
200
200
113
22
45
117
200
75
200
200
200
200
200
200
12
61
200
60
200
200
200
200
169
88
200
121
200
10
41
200
22
200
42
200
200
200
200
200
200
200
200
200
200
200
200
200
200
200
200
200
200
200
200
200
200
200
200
200
200
200
200
200
200
200
200
200
200
200
200
200
200
200
200
200
200
200
54
200
200
200
200
200
200
200
200
200
200
200
200
200
200
1
200
200
200
200
200
200
200
200
200
200
200
200
200
200
200
200
200
200
200
200
200
200
200
200
200
200
200
200
200
200
200
200
200
200
200
200
200
200
200
200
200
200
200
200
200
64
200
200
200
200
200
1
200
200
200
200
200
200
200
200
200
200
200
200
200
200
200
200
200
7
200
200
200
200
200
200
200
200
200
200
200
48
200
200
200
200
200
200
200
200
200
200
200
200
200
72
200
200
200
200
200
200
200
200
200
200
200
200
85
200
200
200
200
200
200
200
200
200
200
200
200
200
200
200
200
200
200
5
200
200
200
200
200
200
200
200
200
200
200
200
200
200
200
200
200
200
200
200
200
200
200
200
200
200
200
200
200
200
200
200
200
200
200
1
200
200
200
200
200
200
200
200
200
200
200
200
200
200
200
200
200
200
200
200
200
200
200
200
200
200
200
200
200
200
200
200
200
200
200
200
200
200
200
200
200
200
200
200
200
200
200
200
200
200
200
200
200
200
200
200
200
200
200
200
200
200
200
200
200
200
200
200
200
200
200
200
200
200
200
200
2
200
200
200
200
200
200
200
200
200
200
2
200
200
200
200
200
200
200
200
200
200
200
200
200
200
200
200
200
200
200
200
200
200
200
200
200
200
200
2
200
200
200
200
200
200
200
26
200
200
90
200
200
200
200
200
200
200
200
200
200
200
200
200
200
200
37
200
200
200
200
200
200
200
200
200
200
200
200
200
200
200
200
200
200
200
200
200
200
200
200
200
200
200
200
200
200
200
200
200
200
200
200
200
200
200
200
200
200
200
200
200
2
200
200
200
200
200
200
200
200
200
200
200
200
200
200
200
200
200
200
200
200
200
200
200
200
200
200
200
200
200
200
200
200
200
200
200
200
66
17
200
200
200
200
200
200
200
200
200
200
200
200
200
200
200
200
200
200
200
200
200
200
200
200
200
200
200
200
200
200
200
200
200
200
200
200
200
200
200
200
200
200
200
200
200
200
200
200
200
200
200
200
200
200
200
200
200
200
200
200
200
200
200
14
5
200
200
200
200
200
200
200
200
200
200
200
200
200
62
200
200
200
200
200
200
200
200
200
200
200
200
200
200
200
200
200
200
200
200
200
200
200
200
200
200
200
200
200
200
25
200
200
200
11
200
200
200
200
200
200
200
200
200
200
200
200
200
200
200
200
200
200
200
200
200
200
200
200
200
200
200
200
200
200
200
200
200
200
200
200
200
200
200
200
200
98
200
200
200
200
200
200
200
2
200
3
200
200
200
200
1
200
200
200
200
200
200
200
200
200
200
200
200
200
200
200
200
200
200
200
200
200
200
151
200
200
200
200
27
200
200
200
200
200
200
4
200
200
200
200
200
200
200
200
200
200
200
200
200
200
200
200
200
200
200
200
200
200
200
200
200
200
1
200
23
200
200
200
200
99
200
200
200
200
200
200
200
200
200
200
200
200
200
200
200
200
200
200
200
200
200
200
200
200
200
200
200
200
200
200
200
200
200
200
2
200
200
200
200
200
200
200
8
200
200
200
200
200
200
200
200
200
200
200
200
200
200
200
200
200
200
200
200
200
200
200
200
200
200
200
200
200
80
200
7
200
200
200
200
200
200
200
200
200
200
200
200
200
200
200
200
200
200
200
200
200
68
200
200
200
200
200
200
200
200
200
200
200
200
200
200
200
200
200
200
200
200
200
200
200
200
200
200
200
200
200
200
200
200
200
200
200
200
200
200
200
200
200
200
200
200
200
200
200
200
200
200
200
10
200
200
53
200
200
200
200
200
200
200
200
200
200
8
200
200
16
200
200
200
200
200
4
200
200
200
200
11
7
200
200
200
200
200
200
200
200
200
200
200
200
200
200
200
200
200
200
200
200
200
200
200
2
200
200
200
200
200
200
200
200
200
200
200
200
200
200
200
200
11
200
200
200
200
200
200
1
200
200
200
200
200
200
7
200
200
200
200
200
200
200
200
200
200
17
200
200
200
200
200
200
200
200
200
200
200
200
200
200
200
200
200
200
200
200
200
200
200
200
200
200
200
200
200
200
200
200
200
200
200
200
200
200
200
200
200
200
200
5
200
200
3
200
200
200
200
200
200
178
200
200
200
200
15
200
200
200
200
200
200
200
200
200
200
200
200
200
200
200
200
200
200
200
200
200
200
200
200
200
200
200
200
200
200
200
200
200
200
200
200
200
200
200
200
200
200
200
200
200
200
200
200
200
200
200
200
200
200
200
200
1
200
42
200
200
200
200
200
200
200
200
200
200
200
200
200
200
3
200
200
200
200
200
200
200
200
200
200
200
200
200
200
200
200
200
200
4
200
200
200
200
200
200
200
200
200
200
200
200
200
200
200
200
200
200
200
200
32
200
200
200
27
200
200
200
200
200
200
200
200
200
200
200
200
200
200
200
200
200
200
200
200
200
200
200
200
200
200
200
200
200
42
200
200
200
200
200
200
200
200
200
200
200
200
200
200
200
200
200
200
200
200
200
10
200
200
200
200
200
200
200
200
32
200
200
200
200
3
200
200
200
200
8
200
200
200
200
200
200
200
200
32
200
200
200
200
200
200
200
200
200
200
200
200
200
200
200
200
200
200
200
200
200
200
200
200
200
200
200
200
200
200
200
44
200
2
200
200
200
200
200
200
200
200
200
200
200
200
200
200
200
200
200
200
200
200
200
200
200
200
200
200
200
200
200
200
200
3
200
200
200
12
12
200
200
200
200
200
200
200
200
200
200
200
200
200
200
22
200
200
200
200
200
200
200
200
200
200
200
200
200
200
200
200
200
200
200
200
200
200
200
200
200
200
26
200
200
200
200
200
200
200
200
200
200
2
200
200
200
2
200
200
200
200
2
200
200
200
200
200
200
200
200
200
17
200
200
200
200
200
200
200
200
200
200
200
200
200
200
200
200
200
200
200
200
200
200
200
200
200
200
200
200
200
200
200
200
200
200
200
200
200
200
200
200
200
200
200
200
200
200
200
200
200
200
200
200
200
200
200
200
200
200
200
200
200
200
200
200
200
200
200
200
200
200
200
200
200
200
200
200
200
9
200
200
200
200
200
200
200
200
200
200
200
200
200
200
200
200
200
200
200
200
200
200
200
200
200
200
200
200
200
200
200
200
200
200
200
200
200
200
200
200
200
200
200
200
21
200
200
200
200
200
10
200
200
200
200
200
200
200
200
200
200
200
200
200
200
200
200
200
200
200
21
200
200
200
200
32
200
200
200
200
200
200
200
200
200
11
200
200
200
200
200
200
200
200
200
200
200
13
200
2
200
200
200
200
200
200
200
200
200
200
200
200
160
200
200
200
200
200
200
200
200
200
200
200
200
200
200
200
200
200
200
200
200
200
200
200
200
200
200
31
200
200
200
200
200
200
200
200
200
200
200
200
200
200
200
200
200
200
200
200
200
200
200
200
200
200
200
200
200
200
200
200
200
200
200
200
200
200
200
200
200
200
200
200
200
200
200
200
200
200
200
200
200
200
200
200
200
200
200
200
200
200
200
4
200
200
200
200
200
200
200
200
4
200
200
200
200
200
200
200
200
200
200
200
200
4
200
200
200
200
200
200
200
200
200
200
200
200
200
200
200
6
200
200
200
200
200
200
200
200
200
200
3
200
30
200
200
200
200
2
200
200
200
200
200
200
200
200
200
200
200
200
200
200
200
200
200
200
200
200
200
200
200
200
200
200
200
200
200
200
9
200
200
200
200
200
200
200
200
200
200
200
200
200
200
200
200
200
200
200
200
200
200
200
200
30
200
200
200
200
200
200
200
200
200
200
200
200
30
200
200
200
200
4
200
200
200
200
200
200
200
200
200
