-69.60205795785231
-72.56113525614914
-63.401446794790296
-9.98833351461185
-0.252201917311687
-99.15390552586486
-96.98927735964774
-74.85516244708134
-31.808451919146314
-74.50632599214252
-98.45658094028198
-96.64387238197737
-35.39766137003415
-15.500253405232858
-22.913140976696706
-2.3012692785611475
-55.10793862834932
-21.0360482622153
-8.853300779606148
-63.63987303316222
-25.380752456093628
-43.410729427985984
-93.22230893232457
-71.0128546094903
-67.17182671067775
-17.35226094823578
-75.02186757642515
-100.33960451233561
-36.65494910679337
-69.55543813665939
-12.214737911781066
-97.51925711680651
-92.35475684697505
-16.715710162637606
-45.791469201497506
-57.38354745925838
-65.66696118340185
-104.59988919659332
-74.93029691277755
-109.75165165337849
-71.45723493822996
-31.953483239078857
-17.8410084216093
-58.749292661875515
-68.09813463070059
-90.81472933894852
-104.34167146785433
-25.400541324339056
-82.6588534376954
-100.84561001300058
-8.876165057491942
-3.060417505321205
-109.77194744327753
-71.8937766595361
-50.46591525986076
-11.54230300113344
-4.431037907029808
-18.095518338565423
-4.022987889946647
-65.51400912925337
-14.064307033494364
-62.32589080717552
-90.16651560620204
-4.721913366502795
-2.923371846909793
-83.8433578939328
-91.19110514304573
-5.428788745681379
-63.723268392357035
-8.372262484956732
-82.55800396740939
-92.05406315731703
-0.08583897502471968
-4.0204648315572395
-59.08674540512799
-95.59408460692288
-19.40912130316604
-7.404943940634057
-5.423859944395982
-39.70953583713259
-81.76284492827457
-81.52253111629
-6.718227352811214
-2.0122609372247937
-10.372353080655776
-77.62334155462607
-81.72110520675498
-81.59248123286106
-85.25413552966977
-0.8851173862026188
-0.016991295610600785
-96.3877931407361
-1.545694011554722
-96.04124755249403
-5.180818228830865
-93.61963509763032
-103.9871801853563
-1.5884194602694675
-97.02679421065757
-3.6376535247006188
-0.43520873284960626
-88.98594681953996
-91.74256021409371
-35.21099869819479
-38.12623315736495
-64.9729400074849
-0.5391657765985772
-71.35913319282514
-99.9859410803026
-63.433413231572324
-82.61305785428948
-1.9685809175940279
-64.21900301584154
-113.53356309106128
-69.7989434750809
-80.68915015371081
-76.93026508214868
-0.02046442337966733
-71.68846443751723
-73.52908763202683
-43.842266885097175
-69.54857118531548
-63.979790339940415
-59.16720569721785
-39.937158021489594
-4.629568805185753
-38.86634831885224
-0.761211287331756
-56.85746355736162
-92.52449011613099
-102.2176696599033
-72.88456357655744
-94.64608195098911
-26.738421989339713
-100.05651458851378
-107.7802360206609
-89.22837443246353
-28.07397259999982
-106.50335369122347
-1.0165318198361764
-12.781922566557597
-105.19628001499161
-25.760128522360624
-19.108717206253612
-86.0673314838139
-2.7545893283283376
-22.36924970038067
-30.23515873355336
-10.70682285408905
-56.523570682268
-99.14265409556735
-21.425004702882916
-4.7604286417773665
-92.8673433989671
-12.864384027564695
-64.63202509475407
-101.49407946500362
-19.752253197472417
-73.39052169975882
-66.00143521598598
-107.55691269902414
-61.32591041452269
-93.69261415265989
-67.60462484502617
-0.557757019018924
-86.71072608111527
-49.28450985849699
-22.781074443745524
-81.08259398363823
-63.860933128692324
-115.8891269144609
-74.83980744273309
-1.6430876702214776
-5.899185512629104
-95.02873343326877
-90.85749560849614
-60.95525733921925
-49.21879679745877
-77.81628632989657
-90.95260517926422
-12.293136139724156
-11.158986429121983
-11.13823399788903
-76.83778787225685
-102.34660431822971
-92.20752569339051
-91.28176897702129
-57.74748403082184
-74.31529047156654
-105.2689646166677
-70.57444264414467
-96.54323301123218
-83.8387496754116
-60.32467802637271
-3.9864630798839187
-74.9989701035505
-42.93036964705418
-44.54903549356688
-2.915563952560801
-49.546139807179735
-76.8575035243082
-93.57357242756144
-67.26214417897718
-71.02787064117616
-26.60421653321766
-17.240063359831236
-97.75850924020018
-5.7265724073742135
-61.141481972717436
-38.22308235082354
-61.461866710324294
-78.2111954945246
-58.52050418464741
-23.44942459828899
-5.627364606523447
-14.49244140973239
-32.500386195083664
-57.773538187248
-22.337975440369693
-94.01273587194535
-77.6349374711954
-64.05941477913473
-95.78522312111902
-85.73062828316857
-60.315509512545816
-2.288780232070196
-13.971283081965794
-99.82736891625066
-22.139678450530088
-86.45546726404581
-59.185832702659866
-63.38206163407504
-62.75791241015442
-38.74016268047341
-25.45332522385009
-47.93700190651631
-28.613577927785403
-52.25286219122478
-2.950614453637609
-11.590583877612465
-95.23244785595162
-6.523290244466998
-65.99881624939047
-16.11678735384204
-101.98989742248015
-100.7326582524862
-74.6538820987322
-61.02450954652724
-53.25634758698591
-59.35744098767413
-45.94257791179742
-115.49970727346229
-103.72111032248029
-78.49622822590332
-63.35237890920967
-96.15848195130415
-82.67006103198331
-85.56159121640668
-107.37748993218133
-69.30978529998295
-122.14692440767196
-96.88454178145003
-62.37575519717614
-58.248697389236824
-59.32687377594602
-51.647462510015
-107.8228801122187
-61.8293555467363
-111.96794212264176
-122.35059572505243
-52.32994646445329
-54.75752230507618
-45.72038220334103
-113.86795510939982
-107.2451755623184
-91.62144345600848
-102.13414642449142
-47.42694851890359
-102.1591899104471
-96.98502516713167
-111.733227501315
-45.16561331753617
-74.96067286685363
-68.18733116996643
-73.91233748330181
-96.80663979659765
-102.60981323622704
-21.01037777182533
-60.23199241069151
-99.02547714751294
-84.83118750147617
-54.179989425221905
-103.79069648002063
-119.03090743069201
-87.93144089103296
-110.8174545994303
-117.25522691272481
-84.362826653337
-78.0960664529534
-85.32820752176562
-78.41480740107349
-82.25751150194199
-0.027524347911521738
-83.52698619005159
-79.7123417017836
-96.11444960029915
-124.86421914143635
-87.93966476683096
-90.56592750722233
-96.25728667404083
-83.6555745770531
-57.46700433942298
-55.62096160976074
-93.20336279435732
-108.7713507846173
-66.95583756559665
-55.38955168818906
-60.3316535380964
-87.5324972944391
-120.01579681948685
-66.72576682059736
-67.31078455307322
-73.48564969112424
-106.93289827815661
-96.1094992205008
-92.66765647875332
-38.50537953126122
-59.89493630961192
-70.30222106267712
-104.19788071532923
-55.96180206766059
-41.259553732020414
-75.98004369824486
-55.469657349794645
-73.33155727730906
-112.58086126359993
-62.32204014893404
-114.38665695930165
-39.95054986179722
-96.31754744059667
-51.53312814849985
-45.9198805503805
-54.363524826962376
-60.66756102680728
-54.48438950080831
-75.03926354080836
-87.0866958490056
-55.971620480663454
-34.54192501350447
-115.54484812962892
-66.1015309300203
-59.41881013190459
-58.46000865980727
-77.71704263370722
-0.01575327143832956
-67.29327986874999
-77.60104801484131
-70.94503779070732
-60.76737875330976
-64.02719127391767
-91.92629709277476
-59.179964555905336
-59.44096030537321
-59.01601356577663
-104.10576235565499
-82.2007022169482
-56.86948540082491
-110.82417924692217
-74.25298279794848
-53.215527364339366
-80.71388842827116
-90.93388615603227
-1.6347048460579232
-104.8112364659442
-66.75259833316555
-123.02921292737145
-101.20476976259579
-71.15445114683972
-103.65522718990877
-56.56852271250049
-106.8532693738677
-44.89003729674262
-131.11152754488901
-65.80418803181607
-19.492814408904355
-92.47018017735377
-48.06948740926547
-82.31303910188414
-87.44350088834882
-57.23041157335248
-86.23848314929221
-86.08186150481593
-89.42386865034706
-29.264051957612793
-52.535135822601035
-54.81843648968196
-69.93076882729301
-54.88500336897213
-41.42847288147753
-88.41687544619714
-88.03511431211969
-118.43546038962222
-123.05080847558919
-83.11621215017547
-70.55836744537626
-41.789482338354766
-20.371034628482136
-71.33180790659743
-87.11750932648039
-35.45699513453175
-29.829116393266546
-42.021082043516266
-78.70286293449522
-51.668643823736005
-51.319062355148375
-66.1896744168424
-70.57926646271537
-70.47208672383468
-60.951550742751884
-85.42449636828044
-64.26550873836021
-46.29946451076123
-67.17245175345168
-53.95071351790156
-50.98803334497387
-52.23563590797653
-96.33281403020996
-74.73633835123866
-73.85949479584363
-71.50284259920042
-1.554938217703951
-63.98549033909605
-78.97135847653334
-89.30668627687207
-86.33102386694267
-93.2224317083457
-43.69183367366996
-53.60669954283978
-84.87138432553884
-71.24211703524678
-122.6025448630829
-65.5320752785447
-68.05221920396563
-25.675503132165762
-28.852046055622775
-30.110139427027207
-79.1598023619781
-63.36385675899759
-84.0252528887765
-30.400082750006533
-41.35238495517137
-67.68487909189483
-62.433422013094734
-48.58412856111308
-35.30158498265244
-66.72867518090088
-72.21060530433725
-97.99121947506741
-42.274295996639076
-43.165406020517835
-28.64814653444817
-29.88730409821095
-42.334229978563
-80.92579070199983
-74.54994641561434
-51.946450888711674
-0.02342629008285569
-79.89847655340529
-52.18978331991343
-106.04795811080655
-71.07234806918608
-83.07117169541311
-47.490467782715776
-35.61445159555029
-109.16633729537362
-68.61285338012438
-83.56930090761712
-68.11744027796652
-58.523314564623654
-103.48440836574227
-105.84854333084604
-62.82965185808026
-121.70503135881783
-77.12361961734993
-78.88038063430776
-82.26183650393438
-74.17554356063418
-54.75880140209345
-49.32801353859326
-26.065067430081882
-65.06212742227966
-78.13416060887593
-57.797219061698186
-88.64791019265704
-51.67916598528902
-73.71932444509679
-47.10945590692033
-50.89345504846615
-92.49520172151861
-81.42039484258378
-25.863390212981475
-93.74012155046255
-15.079856555359664
-103.22050730245249
-38.17259476389071
-56.794059179172216
-23.267676926863306
-98.58122177540707
-80.07951753032995
-87.98617949117451
-103.81314853176104
-99.45351280808909
-37.76926776844205
-63.42199815060281
-69.66456965094602
-98.35487350395256
-77.07262929821941
-92.31663999210825
-39.30365826806493
-37.48686456636681
-94.63335243728068
-57.46493553410146
-94.67966546522636
-72.57390076779495
-57.276079238111464
-44.08421867388469
-92.24898705411557
-68.91460584254922
-137.6308197816081
-52.18555216850212
-88.83194017868799
-72.84131527135558
-99.74123663453966
-71.78439236975706
-87.10122849311655
-79.35996608212598
-35.070297348617636
-55.365734748144384
-104.44719977007462
-99.09894882389344
-65.80916705492984
-104.54996793360915
-80.31611415778576
-0.525448496230706
-83.0452025816231
-102.85838222907081
-51.73341005421977
-73.79304817963767
-50.96743568779691
-84.87076196506295
-54.313135703128346
-89.62686950611496
-84.0851830187265
-90.75904777934048
-0.06110693282009469
-81.1152276390534
-55.89754280937623
-41.56840503252216
-25.61505925147014
-51.53167722798905
-93.29144669687288
-16.59089288352418
-40.4945587713013
-19.87518526252037
-108.68776082776793
-28.66310771336673
-74.50311485193649
-48.91981503679096
-35.10413161490764
-73.0738968394208
-17.426011607986705
-43.45865954966013
-50.70793715938639
-23.74609325156561
-26.304252719378656
-83.8645194513962
-26.47336978957941
-80.74427858175108
-59.944933807507475
-80.67731210986828
-40.304228353961676
-34.531184275412656
-0.5031082604333342
-47.34390560094642
-15.995913361872411
-72.06782571834793
-31.543735589664397
-30.600262169834846
-17.166472102491593
-77.70624405819507
-1.5208682108907445
-37.0656201603908
-21.271790508892952
-4.9970414614886085
-30.988725786441513
-37.57402582107647
-62.94859011139922
-54.6803863819223
-90.2568076691932
-101.62602436422353
-32.89539766555978
-50.689410983212326
-96.41282330459913
-52.209030783688036
-102.02673649784299
-77.45127483762971
-41.6278493872285
-98.1304636033495
-48.78346740585151
-2.3379353134293885
-47.60123626399604
-32.587737979598444
-27.333403423701146
-34.53632539542658
-41.19304857006981
-57.45971573403557
-95.43224122088169
-65.52689138305678
-11.089628448075306
-111.89910654760729
-80.32856505148166
-76.05586879037149
-100.82606581849544
-71.88583448775506
-34.78537368291342
-65.92931830053759
-59.97627219146814
-35.30445113836317
-50.047247548548356
-56.63145043887574
-28.96630989064475
-36.70943944222091
-101.69099733292855
-75.74088232953765
-100.37633468616994
-65.74955996623257
-26.693027200549682
-51.04722786799143
-36.450011407725135
-92.58447766043125
-16.504611326806785
-70.50510980970506
-78.42414248020444
-8.133909328339993
-85.34017050286292
-67.37376726979558
-47.64475149417694
-90.21815344309802
-57.12881689028653
-93.03909576381075
-35.88015503896015
-62.326049698659716
-65.44498265734309
-66.54657431538696
-108.95529070065436
-0.5563350655332288
-99.19926368871066
-64.39005757773815
-90.80127599075641
-114.4405251359986
-57.8713201797926
-45.06377568659597
-101.33835927912035
-23.442359640061536
-14.10197927042568
-57.5166814715929
-23.88661941159254
-63.304110353694554
-72.92237523865047
-65.50744174869705
-44.85325257927841
-16.540644810310123
-57.21022227898647
-85.58105120406493
-36.89178866257462
-91.77231296627738
-65.12411669137356
-68.67524693077117
-15.400396483928288
-49.57880982744381
-36.95090164291031
-40.15134014991025
-40.87375025254722
-85.79571749556611
-91.45465162989302
-73.42320593764599
-63.47492523841619
-67.14062211708551
-90.15780035732577
-60.00890288898029
-57.07578016288776
-102.07105491581352
-24.33270670072516
-6.575366109080261
-56.29057489072557
-54.38286287192682
-102.08506922898871
-61.709889514569625
-58.37564060557234
-81.22775459377532
-85.87808233678479
-87.00507568227509
-109.51123210698773
-93.05783707585654
-122.39519381819935
-76.82613729020551
-92.46568346800706
-76.78904227263996
-89.20805705222777
-59.50020816386776
-118.451892295264
-58.41732327021992
-100.29487341067106
-67.19984098348307
-56.04971898121568
-61.90255031882025
-58.24001375066432
-60.334321620473396
-118.51124283527321
-55.559048606468416
-58.4325623386576
-61.51830470653424
-90.76637039385824
-104.33161404151208
-84.38049616869058
-91.32111082057777
-67.29117852908172
-65.70894295350175
-56.67765421796817
-63.999623819980684
-65.35372130451077
-61.50809647209443
-72.33141944675711
-101.3342803711872
-57.9043935654294
-56.47160310132534
-100.06836116601633
-63.92842972313008
-67.69045963437729
-74.91681597275628
-70.76038074332276
-72.10101486150187
-74.68004955579902
-72.68320113402747
-103.64024340676377
-92.61429746694031
-74.22542187735176
-56.03168452942824
-78.59902064915944
-105.09824502468425
-58.354619740943896
-70.42439059535022
-84.5406506998585
-56.593181959460985
-68.4573087404672
-63.95755813988731
-76.81316959659205
-4.209982486372957
-1.2228440475829492
-77.27128099517711
-86.40171334127984
-64.45825998609325
-64.37813054376055
-65.24031781841636
-95.20763143319778
-55.86478622105834
-108.71835058348465
-60.87407665650934
-103.26001547545982
-106.67939444224774
-78.51518088338135
-87.02678956315941
-19.703061331489458
-100.1006401993486
-74.41355398222191
-77.07486702538729
-55.31672413946274
-77.32619745210803
-77.51568924682063
-75.79384867383946
-71.30054046682908
-57.39193180325413
-100.79701888357035
-71.19072373356899
-118.29671255699846
-63.41216787491259
-65.52823397712083
-60.515478150927635
-97.89113995618128
-88.76423566046314
-93.64100058644138
-57.60861938463245
-57.62846367425945
-98.84916591322943
-99.6584926916726
-59.79032524606748
-108.30940794138003
-61.73957785098448
-76.59296560408696
-83.78268056167906
-72.68387793214082
-111.22980863589963
-77.92204368452512
-7.8398119932133845
-56.5105383363521
-58.52383980982795
-62.3557082594275
-3.3477393105003546
-107.97544502965432
-65.01629316973965
-70.2688677445755
-92.51337177274726
-73.86222932521959
-95.14359492228007
-74.07890027743727
-69.82960655732535
-63.337048834329075
-64.30391585596104
-105.57854988336175
-56.70913117413514
-60.83947919732713
-61.625569650874915
-88.56324673570293
-79.21131775595327
-84.01115691155991
-58.12438892786324
-113.42835406456025
-56.30809171815139
-61.83626430011005
-52.25054197742834
-73.26315931695792
-85.52729569963311
-61.07945813211232
-74.56558974136372
-74.49399392695517
-53.447287949179774
-35.521400273581186
-23.57220564448161
-62.37285116827437
-62.68150061230653
-80.82186139046661
-52.85967527491529
-109.32137008359629
-21.880636241274917
-98.45037670194873
-82.19868462815674
-51.860466726206596
-63.18387478898426
-68.0634970386479
-51.37673095358796
-63.04534922968839
-70.61964269318695
-83.76840424388897
-65.3314660021082
-48.93033275104064
-66.44376966501162
-63.65922681864318
-0.5992739520016244
-73.2801919941756
-0.7729939402641776
-49.2363591884321
-35.009785951708636
-32.25174862425918
-46.78261331365145
-0.025352483613566738
-59.61740497493085
-49.35977489619095
-9.953372227704515
-79.26486316935149
-93.40641793983652
-50.56576360491854
-48.40383728232383
-59.71829255430574
-131.21002265812407
-64.97157812805877
-58.795086041311414
-89.02209343927271
-65.88483698526629
-44.28240309258219
-55.17747506625915
-96.32976900768296
-77.16691098370026
-105.51962845606053
-33.045992043305084
-50.994336986302734
-73.70825597526685
-112.25395327485114
-46.06354472980225
-55.94520020607621
-61.35376517894193
-68.96382082203101
-86.44097584197766
-7.86609222506452
-87.04347571388197
-94.8255819258488
-115.56701963722074
-62.689951302083664
-100.31321912068992
-72.47310326142329
-1.125491755035933
-77.21220161984677
-96.44298409803194
-60.97511002420344
-58.168010743935184
-96.83093087404467
-61.63156604382267
-113.27043046616606
-102.69913594359794
-77.44568675177793
-65.86147379576407
-81.65007310128915
-57.435335667419665
-57.13705132488149
-55.67304092410255
-80.93515671364445
-96.03484311810726
-90.00697071471704
-99.24679196801394
-59.16354070338908
-90.41801746324994
-66.69993891219816
-107.39842361954157
-102.6400449052015
-76.09551434931508
-80.23400344368115
-104.44405240892256
-0.02873462416774329
-26.15582325990745
-4.638793766733138
-124.38327747155328
-104.69053157395571
-52.50627522166787
-62.8807077417463
-41.527796711187584
-101.79459854237943
-62.52473782395315
-63.43582598852323
-49.42094314696046
-94.60033951126024
-78.86329061756187
-101.24200285424949
-85.36843537790442
-40.73585936469296
-42.01017844226623
-73.43265459735379
-65.99903675518624
-49.990308346876745
-68.42618448104352
-68.37479994392163
-104.98485821248207
-99.36583188737113
-96.34143927189538
-96.88905131685407
-86.80776811229043
-81.24578293205774
-61.370272251191565
-89.69521668133616
-91.18203932738177
-59.09303087394793
-57.88427344358089
-55.86485448976308
-107.26508986334576
-55.00985280364967
-88.86390911033901
-88.91907101785192
-63.44200818712003
-57.71508041189209
-68.85367324645676
-0.5482396287283181
-116.59340386942516
-52.09442775911769
-70.83402786572348
-61.67584800170842
-98.828994856687
-61.67950862478737
-87.8377252441839
-3.3763574981422395
-58.91553272501311
-77.59267924835682
-51.73186364853892
-71.97833455687379
-63.73535400428334
-53.178121877183436
-72.6734513739844
-116.32135561187994
-108.76649118235868
-22.92868222658334
-99.5501562481638
-84.78427355553347
-73.22025248278162
-56.95384868938694
-88.70360685551242
-81.80160513055199
-87.2520912358366
-56.942035695931494
-61.726072127312015
-57.628774443079045
-97.41751949197844
-74.95609336525644
-108.5245045320729
-108.94443275141157
-58.90013965817189
-105.33868354690915
-131.2702868077392
-67.25798649349477
-87.47657288387657
-26.916181954000148
-44.221378718842935
-0.9867560171982208
-70.2222856194348
-79.18055166278283
-97.78732210479569
-82.4183586090683
-64.03012506621707
-52.25387693603118
-83.49579132639823
-37.579966839020656
-112.73307810933748
-100.37440412643812
-66.95806329360842
-85.36904931210857
-67.72726771913676
-65.1803506437675
-81.6341232886726
-89.05565987117207
-63.415031665132844
-79.66549278809012
-107.56581412309865
-50.51480381230011
-51.13624778080007
-7.365479540157976
-52.45576907226141
-42.95136502485483
-23.580012643205322
-57.463029927979946
-95.8578798619445
-79.54677075935622
-83.18461805329798
-63.676645977188976
-68.75262755418802
-90.63907682839451
-52.40013960535204
-80.87069468670961
-85.56615139110153
-58.90207309793014
-101.44442435487545
-31.883824991479976
-81.30909968700477
-74.32265503810774
-82.52705503966168
-38.68335549536492
-86.53059246975121
-117.86080477640965
-59.76664743789813
-82.36510207715092
-54.51388806184382
-56.906486327114536
-61.042579370744356
-60.10821890352206
-70.56593447836781
-61.60444893433251
-89.27266564211982
-72.37049530157448
-63.88976624493146
-70.7270327742748
-57.28490632427117
-57.27640875002512
-71.38763816994589
-79.94218276889023
-65.72265697978027
-63.17681682358044
-91.61175845964144
-67.9087908808689
-120.03695540941848
-106.85035111571636
-64.65002324973645
-107.68287347024521
-74.07491298009302
-93.58176008527691
-60.593175627351705
-60.16577259034206
-96.39981601527988
-3.8250419597670833
-120.6906425231215
-89.52114943105272
-16.564566404085404
-86.88716484057183
-107.69626910113843
-78.37078773915988
-66.66695973486486
-119.22857179285495
-67.81831972479186
-55.21871099471895
-59.25026760852173
-56.46558725754456
-61.35484311900855
-2.020385845741764
-77.27652779677793
-62.11294585452825
-5.484449054655959
-104.53486885241001
-106.99080767101636
-111.41385651983495
-83.13516372249524
-86.27226948053683
-1.6007110776163376
-94.01778912493054
-68.44419332040917
-106.50862864377451
-108.46701287294172
-3.2147557490594774
-2.5758442393977266
-59.1875681033689
-112.20287217625241
-68.99973864366201
-56.33640366313516
-59.76696909024762
-95.95436405017776
-112.04064212397176
-69.9016529743368
-68.11708966000049
-104.22969411395984
-89.32470725275893
-69.38433845458702
-97.45291891329295
-107.6297674066066
-108.42051058068404
-74.63430118768882
-73.96963020675554
-74.28159291486386
-58.74395757081288
-91.98778147750076
-94.41070282870095
-72.72736786220783
-65.52323842387344
-0.5281504280155229
-96.01626846603898
-96.42817835750043
-69.18255375459603
-57.18776031688144
-55.69047452584958
-74.53461394616076
-102.57821156511453
-59.72384002707985
-50.084578987719574
-63.98478370566044
-101.84706240657904
-78.05459532449574
-56.05523985744764
-102.49424857382323
-94.26874830493986
-108.52237834501078
-3.612240085066191
-99.40557420395241
-112.3356804535801
-101.5571750369349
-57.872524070832775
-98.45226225921446
-56.22517529447653
-0.01831271888285093
-58.059509099809084
-92.1731419483445
-62.77847295421885
-90.57647415806427
-60.73248897305162
-97.8952556739639
-2.7735792097917877
-112.80268270787309
-79.82222062675544
-68.03913089319762
-74.16430823095195
-74.75523459551107
-87.43962766236729
-62.923117873097446
-57.51263461684337
-58.57797608765568
-116.90242069638069
-4.283082952744029
-56.766589320102824
-52.843016944579865
-59.20360598809701
-78.82028056927916
-97.50059041452961
-103.05857373296259
-81.28886170277276
-67.36804899426264
-83.09215963927711
-79.43005244153751
-70.86968875151163
-115.70399990296406
-75.91816099218538
-78.31060871416251
-65.36312316822065
-104.76306407440738
-58.74273417638167
-60.804161911060014
-86.84178168035986
-78.04885849610739
-54.769212755291555
-76.11629551426167
-91.39857726868124
-108.33932424909936
-70.16330782413955
-76.74885743509785
-57.31188235365839
-101.27107406014511
-59.29435378804066
-75.87928009689263
-65.84620720195096
-101.9586201665927
-63.84560792076366
-57.35221078459454
-74.88939030794907
-70.43625386964807
-69.6361496189473
-64.1796504036607
-73.58916323321337
-99.2614221820824
-58.82489550105518
-105.04710738856018
-86.70909822022811
-1.7739734537870768
-92.1164330957868
-79.75506786951736
-0.7250319837709197
-68.45265094608962
-84.57699391309711
-74.19948835497928
-61.271825830523504
-58.21375823641169
-69.334701347675
-65.47586805205223
-60.46641937242772
-54.755494192622876
-56.67813053976868
-79.04877901784171
-5.981567592317083
-98.77543584992091
-67.24394248805764
-58.30962304864749
-57.073005888294524
-81.2114133815799
-72.09181272069772
-86.50518253130448
-100.79382369738582
-85.75763631493135
-76.05792123168277
-90.83169611158716
-82.47235207628628
-77.05932791642023
-80.6910546477429
-87.90896725738396
-71.29682520013435
-105.88804758441641
-69.86043710475293
-121.19579789526452
-54.28022755396699
-60.97130955314388
-79.33988793886189
-108.87610660792079
-54.1761464958187
-56.452781843090854
-109.83867515165215
-92.52439517863934
-78.9803873398414
-100.5286767040899
-61.16038082495184
-105.62061077674365
-56.07783776997418
-89.56872291125511
-59.92979337179066
-56.27848874900473
-66.81908203085202
-73.19482477528032
-66.8963838246859
-73.22831532977696
-103.63607583398786
-53.86245793809012
-71.78350711017696
-100.77076587570853
-60.00066866106324
-85.25165169586238
-67.8605097020839
-76.8010796895405
-67.82883552759502
-61.47204921618721
-106.06311864184165
-114.15484928104233
-53.78839221559175
-104.20374365006465
-87.4026155194725
-103.94492185053434
-57.7383501887844
-0.02409922380071584
-72.72157618050248
-14.434624354446315
-92.81062148363367
-74.65918479691264
-71.55246607460367
-105.05526413973199
-71.69125719818628
-84.2118899906505
-106.36556863091768
-65.36542486148021
-59.714554883899226
-56.2339053594736
-61.272987186988296
-64.78700283347952
-64.17746428630473
-69.38573348275641
-0.15365638396753442
-65.69371009192794
-77.18874189454607
-105.73106713094873
-99.63231417121311
-59.55891838346238
-84.21119079537449
-68.68176987999678
-98.12829573605353
-77.68689473676507
-72.37858658620517
-74.67692659051973
-105.66851779109783
-63.2468248216755
-105.53520935362629
-56.59507978064502
-58.667931600636486
-53.50823930464217
-88.11645773680418
-0.875507652329715
-115.06674123688227
-74.00835743709789
-55.8471438647025
-56.73885422826658
-56.214276901834765
-76.46789369836789
-72.14061396022085
-68.37337500462584
-52.529780713883405
-79.55326268143352
-103.16183000023213
-90.48015111100516
-78.07634471971154
-76.68498104184337
-80.01804371246025
-94.34254592729592
-69.60559706453925
-82.62376509257962
-114.04109387731657
-106.67973868864337
-11.7048311598796
-80.98309955239945
-109.40327106445515
-55.6651673158693
-9.47549547531522
-104.25404937675137
-51.09864798742083
-73.91748536339169
-107.10787945171676
-120.37133039667515
-63.5827577608814
-99.29633036464776
-57.45969440347506
-53.699371897673466
-87.8489490817952
-99.92971731331482
-54.670438221543606
-65.27903338395683
-89.00767215166042
-69.39084681371926
-62.35683327645371
-48.74509705976885
-49.488825102958245
-84.8622173862798
-78.2712136457347
-71.39613819345244
-86.2239523007641
-99.75362482609528
-55.665482324780804
-69.9873772259247
-99.05128597202844
-104.05304633330178
-61.88841249930245
-68.83719684600861
-17.361869828533955
-91.36708306522871
-57.764575765099686
-67.77020817921078
-53.35561513147357
-70.2220849669087
-63.30241094182952
-115.23291491361798
-52.46258501173239
-110.3248076038946
-90.31856605691186
-59.05891421531304
-111.64216770736266
-81.62760395164788
-59.19326556366084
-56.924637755956255
-52.646220134914515
-97.52378751947654
-63.855115029001595
-100.65649702519934
-94.84439855123273
-58.01833741784272
-2.737296936679814
-50.40082529767023
-95.06546582796942
-76.77826718154299
-104.3970202502078
-95.23958863922789
-71.27088164951782
-93.40015287501713
-103.10092647181253
-11.549243975915449
-65.74373994879502
-77.07094632035293
-85.55873122991845
-61.304146472851016
-0.7754690837450551
-59.0829220888437
-63.77489081223348
-52.303626633189936
-90.35333821852609
-2.4780029635612895
-68.217554664728
-55.46547149888276
-69.78521559262406
-80.0071272812811
-106.66393423605977
-61.13771257756219
-48.88268103032792
-66.35074210480238
-11.614021695611305
-101.03020609949535
-78.76713321552202
-82.60902602557134
-96.3124789984601
-80.38093996611343
-64.3467873029426
-48.142706158842586
-99.47166468262614
-89.87115911432096
-88.81222075262924
-75.55379302156672
-67.86041568160837
-87.31802539429852
-54.088800253329126
-93.883625959881
-73.37518711597819
-68.44339941431733
-110.41338263125691
-83.0005824048082
-117.91471892129192
-79.61655198996654
-81.53409921476768
-110.90340953837432
-76.4314310491398
-57.6929409285619
-70.36252984116024
-100.03917694870842
-92.51507636676291
-106.47091906218684
-67.09570768373115
-64.25609906881346
-18.42599606174315
-64.02113571381729
-0.6997725145141237
-110.7620921223274
-60.28930767089523
-110.20095035576796
-63.51790544158236
-104.67160293937019
-106.89124517464047
-58.450092066406384
-102.30720007719209
-49.15230627664706
-69.43910781702569
-94.23947602665476
-79.20805616713078
-91.7792025915027
-70.833088698334
-79.99194031169169
-57.98429491936763
-85.44474376172872
-75.5105257024423
-75.99967932907504
-119.74645140280961
-114.02581816921521
-63.410548886061854
-89.69810337965497
-62.28413624290594
-108.11340853818857
-77.62793398075497
-98.994260073825
-60.52874811156227
-87.4426920861232
-100.23419477294516
-75.97893525330737
-0.6270491470247053
-61.945002249216536
-60.63849190287959
-108.65647606532089
-3.6736164924462824
-3.9906199704579977
-59.49347162196752
-63.67567105391129
-104.26859218598186
-69.66972490976359
-86.12669955094684
-74.71245548179729
-55.4954116745234
-56.38549324473447
-82.89865340842623
-73.31933600342742
-93.99756379306112
-58.69307503775314
-66.34930755600041
-84.44176102969622
-5.851187074763317
-54.53650409023345
-57.41475242787245
-58.90685540219049
-95.72718438172646
-60.738244959753075
-67.914590618206
-104.37178308486516
-64.25436677565637
-101.61426236109283
-54.471929256353945
-71.06377669702404
-62.65537051871774
-95.33801117205431
-97.45564286099138
-90.23906517999662
-61.97927168853562
-60.90107101290141
-65.4873868853126
-101.73953861490327
-78.65399964964463
-80.32478907783039
-94.93268888675861
-115.46221828595213
-65.25999326984186
-68.50837512873052
-76.99611749979432
-10.117626975324143
-55.384431070825414
-62.439833859874305
-81.11224979236968
-55.43071495777741
-60.58254042155586
-65.97188796593207
-56.13084108701401
-83.8854469886998
-73.30448157702129
-66.57451203197989
-0.5521529358113679
-66.10939779170326
-64.13601350061697
-73.8781447155146
-0.5700207136988775
-65.65495567005269
-96.27752811762468
-57.79257795420631
-58.496056188322164
-0.5545315758340784
-88.96999787846364
-65.29609388308778
-66.64871294903027
-60.534530115028424
-83.82082036987836
-53.71027555537113
-94.03900325952827
-77.79302379429821
-103.44024088473498
-5.893422860316319
-57.74295575075166
-81.77060735751178
-68.72975909626824
-85.24939003164369
-84.84464064394072
-56.19255117394954
-70.34296017342737
-103.21305146944184
-58.76026972495744
-66.00740756908351
-77.91105071795816
-102.95427761941093
-66.24143301811107
-83.025371313755
-102.36376349762651
-100.57872989804413
-69.16722139325788
-72.46524597490765
-61.812706459328574
-65.25004996239994
-74.29569115348907
-75.92194302223328
-56.72490760168106
-66.96961392744501
-111.97417041779487
-66.38979873112321
-63.206417566004525
-110.07344450878922
-92.79366780618622
-61.639425619946266
-85.40423790744535
-66.08774640277421
-75.85126693612438
-99.38490319492237
-103.35050941576094
-119.33246866532953
-60.530961076149104
-99.3253373461447
-75.38306388167851
-95.8834883691946
-62.5252947751361
-67.77169378333816
-55.27971091755396
-61.57130505650899
-60.463183410108655
-107.500678184338
-84.00129084039321
-103.7059389499792
-89.04391327527601
-111.46811837878148
-78.25410249334745
-57.16685026699561
-64.5249828297067
-71.80909570969256
-65.46182370551053
-86.83468633946579
-60.63307777873851
-75.87945933460011
-95.56117882252605
-60.82871655443354
-105.31862602673303
-94.42361555961028
-72.84588518253936
-64.62681981244556
-71.77235452465092
-94.46653882170449
-57.29771384863357
-81.40910343902526
-100.9130924595914
-63.098867555531676
-54.76596634077865
-75.98313931687075
-113.47603605321027
-96.89006694290131
-67.34773168258451
-63.18327258945295
-64.35047930679458
-3.1094230023641263
-95.40286179198563
-92.46810789381783
-108.73423659521059
-60.224949445875986
-81.32566241076046
-61.04144345323828
-97.27091370159948
-82.60348197007905
-111.7668484839932
-73.78714624500715
-71.10995600688484
-108.34073852579
-67.5779839634453
-85.29877529152537
-78.86596150193084
-68.72557873844724
-57.35986781130071
-49.26422762415208
-109.08771728192764
-67.3841811361269
-90.85016404711538
-55.561936142816705
-64.35432506020464
-61.86043192316107
-62.42965696837963
-66.78560754880526
-82.4443605148455
-99.9723863864213
-93.92392400172903
-104.36283139749011
-83.02076694508362
-101.48160571681376
-122.11392140962712
-81.14945722341287
-52.18793683667168
-78.24224352054293
-116.55881714178706
-91.53568889761254
-64.64874082144262
-81.70013455030445
-53.873390503714965
-72.34165669270264
-70.05230281334568
-91.59319692010034
-6.676307600360905
-62.950050254727394
-122.65584666593132
-71.70461073750742
-70.79654988693038
-93.52342831513577
-3.227922006505794
-104.18397196393593
-61.3117929997728
-53.97613200832051
-55.545981800064006
-63.71654070282101
-118.22203385928097
-100.21086124318667
-64.1205790822211
-60.72307116028568
-52.258919190014986
-74.00057615797441
-78.62415648289725
-61.88186209545891
-84.08813923944413
-101.14100826727403
-89.20552310655785
-78.626371592663
-108.82633782573483
-71.62699018581372
-6.449665890927309
-86.10271926666027
-61.65375386824728
-67.13679785320751
-77.45995325826165
-11.360578329539416
-107.98374197006001
-72.24923690750623
-67.17428065386522
-98.25434403969982
-87.24094004003324
-98.82016875167727
-120.96828470976232
-63.27201956916238
-75.60587513077236
-3.122064137593911
-108.70718432486319
-69.97572805038037
-91.6595408541019
-73.42925014798972
-96.46684263233543
-72.89014677432901
-92.22633515932422
-83.72909131266134
-109.11040459049059
-94.99295625865125
-49.314552571452346
-4.364670604752729
-61.06305489966928
-0.5115053565456508
-93.600562656713
-72.98417749990362
-64.17810697385899
-68.80160301667446
-48.60932188260959
-71.17823417654816
-89.41035020885144
-94.33646199542035
-66.76930959121259
-76.47240873264263
-59.06750527733732
-77.2915474005065
-60.62151783812618
-108.2325216880232
-106.16154715039394
-92.62094593126415
-74.49394569120722
-81.51698658707166
-90.37593666310673
-64.96506530934305
-85.08983465270846
-61.25108320611789
-77.08932820078059
-102.9677641427274
-57.02291671473622
-65.88312509563147
-114.29586048374354
-73.25732991900527
-112.72425191153658
-66.95751391829457
-55.297970201847114
-54.38160183109188
-69.44202512014576
-102.49391715077374
-65.41133727159581
-107.77510798295886
-91.38459887194685
-55.52783948746406
-56.045856170796895
-12.354754911138526
-55.14356848543721
-66.54777303307127
-58.64240627173572
-109.11471666140744
-106.4859648864439
-54.0480301546403
-69.02573873291448
-105.76108335136547
-67.58619704902091
-69.24476323409921
-90.33391784346085
-79.06943700014328
-57.2437563405781
-103.11709068504666
-92.07046540047254
-64.24174560753677
-104.92809919428008
-77.54912100824298
-73.49824942846116
-63.067742247834744
-55.14893986536649
-70.77928067436754
-54.284840266223185
-63.89023356987988
-62.18064816231521
-55.45815793371748
-91.92211805386977
-79.6103384139
-73.75389355699582
-94.90399544749454
-53.91591600165849
-67.26001581795029
-97.57823827890797
-66.56934019266757
-66.44527368424608
-60.79839378934637
-83.41397104638345
-63.60140078310255
-61.55307188469271
-99.98180490900839
-86.88229692284459
-103.05307237769969
-64.59844119361463
-57.805404958650314
-84.45207998392682
-53.6760336501924
-106.45283544026024
-85.795777602918
-62.24068347168692
-53.92685773282783
-53.68496834386554
-104.22677740947675
-84.00808364364553
-57.13687684976076
-76.05424443259093
-64.01751804292616
-54.63019900829692
-78.97110346154028
-56.141150698385935
-58.81694625622192
-59.11777769647153
-76.63223098658042
-56.42432557056859
-1.5776019924838038
-69.41105441632038
-75.56754796242097
-107.10826993400889
-106.14039829536553
-59.26435151817294
-74.43610270238878
-60.48945710000969
-100.55042252691112
-1.6910966522756818
-55.75007546097822
-75.3425819879058
-54.64361688535219
-58.92749472888931
-63.555727238036404
-78.65703297771671
-79.18746143717945
-80.10963519538245
-75.79114891271881
-105.6972582648851
-76.57619264993656
-60.76447036137117
-1.547643754946805
-96.50397020277703
-60.47992482270731
-96.21770479012532
-54.51463215163778
-66.23786501545835
-80.91590296488438
-85.69998969765011
-74.0637787797287
-110.77430605905487
-94.19875004269517
-80.56676806226254
-110.82975699183488
-94.02520310674635
-54.757941853435504
-59.331738732041366
-2.4897782065749587
-101.98971845746038
-77.90409754587377
-94.64831489460252
-59.748117384888324
-94.585022225364
-75.36748164160979
-69.59633325958784
-54.44854392955049
-89.10578806211274
-64.76630553545017
-0.09690892449399988
-81.15885788308233
-11.706111134617087
-81.38572530535096
-95.63434018728688
-72.93719876834766
-56.24402428679358
-0.10888329342178023
-60.21267367007691
-74.88987166884607
-86.89701355090558
-87.66035405101326
-63.7453559024935
-73.6247465907122
-82.41834671095613
-92.24690317911836
-83.89726149863809
-61.6556580280233
-98.41175215155343
-57.35599451027421
-67.95417924675439
-103.94668432152471
-63.46353182821939
-73.82480232387853
-90.08639643854892
-58.80137882180941
-88.49592299758089
-81.07928004602742
-108.04408758563132
-107.40812396251361
-67.22115708800894
-85.9911801361651
-92.61054086745739
-64.92645570454138
-68.11957200294468
-70.60241616163788
-69.557103534425
-56.205934810391625
-3.6281920164675454
-62.28715011340303
-56.88707366516108
-64.61756526640642
-58.97532349850862
-73.22808071430492
-87.20707806886415
-82.95552976955932
-94.19247777508627
-66.44286557555172
-85.50463106533982
-59.66677733793746
-76.67445522525682
-83.67993251356432
-65.70564055930899
-65.00680811404885
-79.0153836143844
-54.87226318321922
-69.38336301367455
-94.86056276765892
-95.07491055223615
-68.13775400567444
-60.92963533152394
-68.86219710926925
-74.04862451941584
-12.396770827000676
-106.94433927536534
-94.57914744729567
-73.93887101791579
-74.33523602413914
-90.24814481016125
-74.3809251083605
-79.41599586331175
-75.28778023799023
-58.59571397381829
-73.36581269463616
-100.21379600609468
-62.18238573747968
-12.312550785065929
-93.20054380980352
-88.53025171699879
-93.53432470032466
-68.30399180154713
-1.5797604248508912
-92.00233624095006
-56.97694738900772
-88.31169201774226
-68.80578899392671
-57.9854047775453
-69.16743008972392
-72.89737598110747
-91.18583903808852
-70.95845503499086
